[LEFT_CAM_2K]
fx=1057.8
fy=1056.9
cx=1117.77
cy=620.679
k1=-0.0419473
k2=0.00996698
p1=0.000189788
p2=-0.000113994
k3=-0.00482567

[RIGHT_CAM_2K]
fx=1056.31
fy=1055.95
cx=1118.1
cy=625.581
k1=-0.0430443
k2=0.0111384
p1=0.000210953
p2=0.000390631
k3=-0.0049865

[LEFT_CAM_FHD]
fx=1057.8
fy=1056.9
cx=973.77
cy=539.679
k1=-0.0419473
k2=0.00996698
p1=0.000189788
p2=-0.000113994
k3=-0.00482567

[RIGHT_CAM_FHD]
fx=1056.31
fy=1055.95
cx=974.1
cy=544.581
k1=-0.0430443
k2=0.0111384
p1=0.000210953
p2=0.000390631
k3=-0.0049865

[LEFT_CAM_HD]
fx=528.9
fy=528.45
cx=645.385
cy=358.3395
k1=-0.0419473
k2=0.00996698
p1=0.000189788
p2=-0.000113994
k3=-0.00482567

[RIGHT_CAM_HD]
fx=528.155
fy=527.975
cx=645.55
cy=360.7905
k1=-0.0430443
k2=0.0111384
p1=0.000210953
p2=0.000390631
k3=-0.0049865

[LEFT_CAM_VGA]
fx=264.45
fy=264.225
cx=338.1925
cy=186.66975
k1=-0.0419473
k2=0.00996698
p1=0.000189788
p2=-0.000113994
k3=-0.00482567

[RIGHT_CAM_VGA]
fx=264.0775
fy=263.9875
cx=338.275
cy=187.89525
k1=-0.0430443
k2=0.0111384
p1=0.000210953
p2=0.000390631
k3=-0.0049865

[STEREO]
Baseline=119.909
TY=0.0155911
TZ=-0.308733
CV_2K=-0.00485486
CV_FHD=-0.00485486
CV_HD=-0.00485486
CV_VGA=-0.00485486
RX_2K=0.000111554
RX_FHD=0.000111554
RX_HD=0.000111554
RX_VGA=0.000111554
RZ_2K=-0.000132537
RZ_FHD=-0.000132537
RZ_HD=-0.000132537
RZ_VGA=-0.000132537

