[LEFT_CAM_2K]
fx=1401.54
fy=1401.54
cx=1128.52
cy=568.09
k1=-0.172323
k2=0.0247522

[RIGHT_CAM_2K]
fx=1398.43
fy=1398.43
cx=1118.64
cy=605.946
k1=-0.17007
k2=0.0237836

[LEFT_CAM_FHD]
fx=1401.54
fy=1401.54
cx=984.52
cy=487.09
k1=-0.172323
k2=0.0247522

[RIGHT_CAM_FHD]
fx=1398.43
fy=1398.43
cx=974.639
cy=524.946
k1=-0.17007
k2=0.0237836

[LEFT_CAM_HD]
fx=700.768
fy=700.768
cx=650.76
cy=332.045
k1=-0.172323
k2=0.0247522

[RIGHT_CAM_HD]
fx=699.214
fy=699.214
cx=645.82
cy=350.973
k1=-0.17007
k2=0.0237836

[LEFT_CAM_VGA]
fx=350.384
fy=350.384
cx=340.88
cy=173.523
k1=-0.172323
k2=0.0247522

[RIGHT_CAM_VGA]
fx=349.607
fy=349.607
cx=338.41
cy=182.986
k1=-0.17007
k2=0.0237836

[STEREO]
Baseline=120
CV_2K=0.015473
CV_FHD=0.015473
CV_HD=0.015473
CV_VGA=0.015473
RX_2K=0.0188598
RX_FHD=0.0188598
RX_HD=0.0188598
RX_VGA=0.0188598
RZ_2K=0.000334223
RZ_FHD=0.000334223
RZ_HD=0.000334223
RZ_VGA=0.000334223



